1.268797792622938942e+02
2.599023609029050874e+01
2.172353579713002603e+01
7.946292483542069363e+01
3.148810367570110103e+01
1.107183246330090398e+01
3.134584644247678753e+01
4.053153147001010126e+01
4.401346044019207682e+01
1.798024332891380439e+01
4.195999010334296742e+01
8.116148939142711072e+01
2.970054514613073238e+01
5.229941299193333748e+01
3.028676312408085280e+01
5.559423308684183240e+01
3.515539027124464866e+01
5.634065449753907018e+01
9.111174078914852714e+01
3.008243006637315275e+01
7.062286124810977128e+01
4.236509030607045645e+01
1.980978234890714518e+01
1.861694595402883223e+01
5.751376665371178376e+01
2.440295782675868352e+01
1.886408767961483690e+01
3.897332911392447130e+01
4.281902108253058259e+01
1.798489273429137469e+01
5.333889294131300574e+01
2.571831441627549708e+01
5.834052949245320008e+01
2.107925658439724970e+01
1.679686750651012517e+01
2.231218800855505080e+01
7.366702307711635456e+01
2.434859895673514885e+01
6.468973416525753350e+01
6.281234604232997043e+01
9.139264800077702944e+01
2.060671040281297195e+01
1.958840015440405224e+01
4.533645694628967249e+01
1.193057119196833682e+01
2.371206973728174816e+01
5.747584240807360345e+01
4.538206603603767775e+01
1.972743355726583303e+01
9.794818122610040589e+00
1.016343058625322193e+01
2.147427670662433741e+01
5.098951060005484237e+01
1.595860450717666801e+01
3.981543629196352185e+01
3.991838724789042914e+01
2.620463861176136078e+01
2.063747370248335855e+01
9.317717370480426098e+01
4.659213219920548710e+01
3.805695879198248832e+01
3.042560405808553625e+01
4.145513545486820561e+01
1.888792203865903119e+01
4.144273667392783267e+01
1.594834172025918839e+01
1.240507394739932181e+02
1.384968747529717525e+01
1.264380942135240247e+02
2.741701655723472086e+01
4.782610474083433161e+01
6.985658260739104719e+01
5.227612380838507988e+01
5.085783315215358868e+01
1.972125965369393086e+01
8.809420408328848850e+01
6.001370401802343224e+01
9.307472447130922433e+01
5.572475718118153765e+01
2.931411511840297024e+01
1.887701873162692934e+01
7.037183142204892761e+01
2.724496365707467760e+01
8.978282673246454237e+01
1.278929052561746431e+02
1.976586827318202566e+01
1.261425579069472214e+01
2.053276976815554633e+01
6.701565449834609467e+01
1.954827588322000764e+01
3.816229369405822069e+01
3.263582779401549061e+01
1.400140262147858117e+01
3.605263106367529247e+01
1.002434161417771605e+02
4.128428845399006519e+01
4.753948629398506398e+01
1.259057397014472457e+02
4.890784919937719621e+01
2.563951851379506053e+01
2.376940275434394678e+01
1.013163650335879709e+02
4.436360854505328888e+01
1.258959155982526745e+01
1.940018384094745230e+01
3.967515669020547620e+01
2.066407889879817716e+01
3.135318397031526771e+01
8.844687900507925349e+01
6.976707143242626330e+01
1.352359606615840626e+01
1.877147599844365189e+01
1.737251415791610043e+01
4.996935121573040561e+01
1.873856826360904293e+01
4.297251870850539035e+01
2.633145930441462923e+01
3.742547330191327148e+01
2.036324586761369204e+01
1.717935225024734436e+01
2.256648780111909147e+01
2.494488011664462235e+01
4.159340287286612181e+01
2.996047098196578773e+01
5.142905004165985616e+01
5.851536383891217241e+01
2.883376958285854386e+01
3.645375676152453082e+01
1.038336230953781723e+02
6.670851933072194484e+00
1.015506562137813233e+02
6.440089228023227008e+01
3.104354824193145745e+01
8.460511720750422171e+01
1.593344287875508236e+01
2.268920434685970733e+01
7.248753127721310818e+01
4.798575661090224287e+01
1.371538772643456525e+02
6.519809460204390916e+01
2.570633864221457188e+01
1.154623764381807405e+02
4.132303641190398480e+01
1.719068451870899850e+01
2.051014170314880047e+01
1.803364786520829810e+01
3.289919384099995625e+01
3.477455663765744021e+01
1.619719005524067867e+01
1.417939333436023652e+01
1.434176016317452174e+01
1.797374041031175196e+01
2.650291799033813689e+01
5.635011724578202319e+01
2.343627296127555937e+01
2.982330778418786466e+01
6.617312725901703629e+01
7.942516307517585972e+01
1.587009150987170436e+01
3.517091917377248222e+01
3.242925018080175903e+01
3.297121521115757758e+01
1.880212340088810308e+01
4.293259386185614090e+01
2.010322604402538360e+01
2.753616464134768549e+01
2.016879457570983547e+01
1.545799588557223991e+01
1.603024154467316365e+01
1.122425774946071364e+01
3.442301402345334793e+01
6.382910072658101086e+01
4.009324262859627908e+01
1.366770322453430175e+01
2.521040929282968079e+01
1.428122443984630685e+01
1.378479036248765688e+01
4.131100717906487318e+01
2.214820797121649676e+01
5.697948744314808067e+01
2.391602783153733824e+01
1.777616704507971335e+01
1.595051870310083153e+01
3.379561841310434289e+01
1.846052418940200823e+01
2.051622069207127907e+01
5.000782065905084295e+01
1.138580284061546699e+01
2.611916002815695137e+01
3.565081768323977229e+01
6.780583397138907742e+01
8.305314787495495921e+01
9.966485275688620504e+01
5.078296304722353227e+01
1.936801737376255161e+01
5.059324213671833803e+01
2.508397752890466847e+01
1.488674515676451726e+01
1.818888559868795340e+01
3.153286863449725885e+01
3.719183732535802989e+01
5.044251832227413246e+01
2.764341261716308651e+01
2.057065222697666940e+01
2.259557339956505118e+01
2.775542461255598425e+01
6.369481237563204701e+01
6.146506427929214311e+01
2.142426425064119044e+01
4.277102891523695405e+01
4.558430175154711606e+01
3.264067602756792752e+01
1.899712473050637840e+01
3.948941672732777164e+01
4.244484320177472370e+01
4.794678571789683730e+01
9.807345195654555425e+00
6.991231951345389461e+01
9.611458157186864071e+01
4.571608418894817305e+01
5.652792682178370853e+01
6.701408228675806811e+01
4.674785089999372190e+01
3.686113151549987776e+01
3.138698581254086051e+01
2.097265115176831429e+01
1.069410157523798972e+02
1.615594162230365782e+01
6.767459282149120270e+01
1.692961485398525312e+01
4.245545293039796775e+01
2.350990812739046731e+01
8.224399542351171988e+01
9.848334589181709120e+00
7.318845773376327202e+01
2.665131507687058843e+01
1.370407087196029750e+02
9.294168118683924718e+01
2.588699681997109892e+01
2.436680163620430761e+01
4.873983038956500735e+01
2.684689267984958505e+01
1.919723767809031401e+01
2.108344053619120828e+01
9.972129333131080386e+01
6.267033122209513607e+01
5.100671766055920386e+01
3.119977943628744654e+01
3.058706773833545256e+01
1.808702873268651601e+01
8.548044266163931582e+01
4.045462482092865741e+01
2.391411120349501118e+01
7.207954957739785584e+01
3.274816368119339671e+01
1.030602142956743705e+01
3.100843880621895110e+01
2.785235883009813307e+01
1.824179822044412802e+01
3.640552055916018759e+01
6.092958058574378555e+01
1.388425204338324370e+01
2.725819203851659012e+01
5.929970360452902867e+01
7.630473925006444347e+01
3.139098038382387656e+01
7.445776353265918601e+01
1.453168804296758232e+01
4.022097937865751760e+01
2.261436934529940856e+01
4.406125572414979530e+01
2.331361527018125912e+01
4.709279579767603963e+01
5.664396209804408500e+01
6.285253103983682621e+01
8.397349661381655395e+00
1.178836003308704150e+01
2.890647500182091534e+01
5.827730066969732547e+01
5.112846620835648537e+01
7.995890694803817667e+01
1.340944576223193074e+01
2.894113291920882602e+01
3.155886219826268402e+01
2.427453444559289153e+01
6.170710470516804236e+01
7.991764093956440718e+01
1.972082782897470210e+01
9.509288974940654171e+00
1.704112431320065824e+01
1.944626060887729935e+01
4.213475343926359074e+01
1.671881984667792764e+01
2.086746749952734703e+01
1.574047626320377624e+01
2.609483332333307715e+01
6.368029964137461008e+01
1.794908910876889152e+01
3.781980594904373305e+01
2.606298841868626326e+01
7.987139008271919138e+00
6.960786839294186734e+01
7.114888599084349607e+01
2.073088285603988723e+01
2.321185442395272602e+01
1.008110046080802924e+01
5.739821173703720092e+01
2.617013822387481525e+01
2.302850035422592256e+01
2.100233616738727349e+01
1.185549178552202143e+01
4.297203169784051369e+01
3.743040489234159196e+01
2.188796935375356156e+01
2.792442332439949126e+01
2.105603392572091437e+01
3.667098291292359846e+01
7.542614817487131518e+01
2.893600655998628213e+01
1.287966406602233427e+01
1.513850731462052401e+01
3.637812963117527687e+01
3.799227114408586203e+01
1.169656637284556950e+02
1.061580033102706153e+02
2.618407158687607250e+01
2.396136878454115404e+01
2.281779841128885877e+01
9.678643131443676850e+01
1.383476383453767689e+01
4.294067468489681971e+01
1.948922954106665273e+01
3.313267347072716262e+01
1.838362837953544116e+01
5.712568992410984947e+01
1.088226114383578533e+02
4.151337689746464577e+01
2.065713041800395544e+01
4.878063669933909807e+01
1.453379986873003737e+01
1.729085170739841715e+01
1.506326481124333405e+01
2.635475273288595943e+01
1.853879489314356022e+01
2.175164199893316308e+01
5.071434912474444445e+01
5.555850933770611988e+01
3.608391748157448120e+01
2.171989115613503429e+01
1.483756144303978353e+01
2.087095404015521538e+01
5.199751863557603571e+01
6.786409284934892128e+01
2.447450690523323402e+01
1.427320608014456660e+01
6.745816951226872504e+01
1.100513845651450424e+02
2.605828964332160425e+01
4.748278215305855809e+01
5.942207858665112497e+01
6.306365953335077990e+01
3.102345648143502999e+01
2.473864648934588573e+01
1.133707931409215490e+02
1.004917756937004185e+02
1.198978891963828772e+02
1.081369145689627231e+02
3.687336652497816658e+01
2.868953480135132494e+01
2.567350854617207645e+01
1.806873548829737075e+01
2.883087408061952672e+01
4.132747711902341337e+01
2.256417837473243182e+01
3.880077008536574112e+01
4.671471347705014665e+01
3.348017007240306953e+01
5.308571300371504265e+01
2.659114582778669345e+01
4.818548080509192744e+01
8.321588525629002220e+01
1.171451193279897929e+01
1.793567438204561526e+01
4.080514743709352388e+01
1.363849971013391560e+01
1.588890078635649239e+01
1.743290063035012949e+01
5.139002450826128410e+01
2.429010832071123360e+01
2.909822861697408669e+01
1.729113322339112813e+01
3.366573248174802302e+01
2.332164177359116408e+01
1.302497014818798426e+01
2.218295535677000174e+01
4.592777751211983173e+01
2.002848653447527028e+01
5.965619469216763093e+01
9.229242669084230499e+01
1.812024483815230980e+01
2.143731646816506142e+01
2.875132105393623050e+01
3.047338764859695814e+01
1.259047910774697385e+02
2.099768153010660754e+01
5.532165694138661394e+01
5.502821599504193273e+01
1.855652135332504216e+01
6.876606371446266053e+01
4.261376382157653353e+01
2.554085540166106938e+01
1.418578805918999031e+01
1.233627771921404985e+02
9.979750044601219372e+01
3.749392281182605302e+01
2.040867390243642987e+01
6.327285042215284960e+01
7.507807591326974617e+00
3.142091209451040967e+01
3.403173687274651371e+01
8.652423052907716183e+00
7.402436243014065553e+01
4.372517174577637888e+01
2.526068330723642319e+01
2.514074866497534799e+01
4.216552512896655713e+01
3.633522938182260731e+01
5.474472797614082253e+01
9.502007990658987069e+01
2.976690862511850000e+01
4.231868817882241984e+01
4.296198211884219376e+01
2.851348722390126511e+01
5.114818331602181445e+01
1.877650368861187147e+01
7.027632322374685714e+01
5.709463171258160230e+01
3.331498936038988035e+01
8.230387704836040541e+00
5.838198696357433448e+01
3.107931113714544225e+01
2.230112506687345331e+01
4.736630315299447602e+01
2.440404020091694903e+01
2.358145390254131257e+01
2.622255922845207365e+01
1.306120366739413043e+02
1.770335759846903656e+01
1.707361266355726315e+01
2.954149813040156047e+01
6.558995575796862454e+01
1.553412399297474700e+01
4.716046644464398696e+01
5.674411622038613956e+01
6.658588296818726349e+01
2.902965313683878890e+01
1.135563347950006197e+01
1.967946493010873965e+01
7.684719081880025726e+00
2.139663679995804202e+01
3.258961757045344854e+01
1.538013827120401622e+01
8.878891443262008920e+01
3.355918369813867486e+01
1.047278652537742403e+02
8.242097803682175083e+01
9.350999138269976640e+01
2.550019185512296716e+01
4.672108752630671091e+01
5.790859069617314248e+01
4.248829665208025119e+01
3.394888571168235814e+01
8.128662084888081552e+01
6.790733481197187871e+01
9.798634592946079636e+01
4.701816622892179964e+01
3.478292474264519996e+01
5.762685632732269170e+01
1.026509825272545697e+02
7.205281381240959604e+01
2.019206781123653016e+01
2.667042478310325393e+01
4.938596374188044535e+01
2.573482386836315428e+01
2.958414990331254657e+01
4.129755677903450106e+01
3.593216683749725604e+01
1.417670777372181767e+01
1.143032997915202564e+01
1.228081094994812617e+02
1.092443339761111218e+02
2.077074665350421157e+01
6.650737031590955439e+01
4.626329878623310776e+01
3.390029790721543179e+01
1.628375294830409246e+02
2.751795517129566448e+01
2.644762770800531015e+01
2.253959534897107631e+01
7.061697114022706501e+01
7.806325909517165940e+01
2.076017080919269020e+01
6.535530726822953795e+01
1.912785013815970458e+01
1.841018311919345152e+01
3.502277100636257501e+01
1.584612401555583183e+01
1.238849936206518123e+02
2.003869701730654995e+01
7.056525101687927304e+01
6.079046766454460737e+00
9.036818739644778020e+01
2.936294322698028836e+01
2.830816206407345348e+01
6.130348240850083386e+01
9.309589004704709225e+01
3.618279196517205776e+01
7.410971008949825034e+01
1.031399843973757413e+01
4.754748992031024812e+01
2.491336469573035473e+01
1.622541233201979693e+01
1.595575462123587052e+01
1.250323187263342639e+01
2.031022565698620141e+01
4.289660497316496190e+01
6.555083450249365740e+01
6.505402045841557879e+01
7.483437562374176011e+00
8.020262044487455455e+01
3.018305171662870023e+01
2.839327449725613306e+01
2.845012127824013604e+01
3.769078096249184284e+01
3.264335343578165549e+01
3.281755577198438090e+01
1.697930131851538604e+01
2.371841736484162055e+01
1.592270929175556837e+01
1.102982317348029682e+02
2.913230923401730266e+01
9.873981774214462348e+01
2.456381939985223539e+01
1.310148270398242509e+01
1.897481473346761405e+01
1.679398350511100446e+01
3.701225395057451095e+01
2.738614728661284303e+01
7.498357879489445565e+01
4.388110969176974407e+01
3.096508086692027817e+01
6.207042214785295897e+01
5.011893405762938158e+01
3.977347395597053037e+01
9.936565635079742265e+01
1.276357213351414721e+01
1.797017438110823306e+01
6.425595531925901582e+01
1.213154122972783178e+01
5.972636189357725556e+01
3.174561878827794814e+01
1.830253099568841080e+01
5.767240212994222759e+01
6.146780347403097977e+01
1.487765346022526991e+01
6.113377614820011985e+01
1.085201611472033250e+02
6.780788684668678457e+01
4.520328188345499143e+01
2.435596694143207586e+01
4.219525931019668263e+01
2.324727683583913773e+01
6.756982872320219258e+01
3.108267256066455175e+01
5.117403447849575571e+01
1.898521795224570496e+01
2.590817481295186653e+01
5.441138211145919712e+01
3.928896705789658483e+01
2.200025680709629583e+01
3.578738265639191241e+01
1.854132583104746246e+01
3.343953092316910869e+01
4.355715274241104140e+01
3.072781483071230824e+01
8.659699237666292504e+01
4.190514073339700474e+01
2.567631713862469311e+01
1.529391174843736856e+01
1.173703767948426417e+02
4.990211100396305000e+01
9.933565320781869445e+01
1.959754513294802081e+01
6.424203161085158342e+01
3.659831677653236426e+01
5.500662208540824594e+01
7.848974500814047417e+01
1.244891843680898980e+01
5.853715061275030962e+01
5.017259637090759128e+01
7.716712280975285410e+01
1.682167174119346953e+01
1.738892746203582362e+01
8.219527148628998248e+01
1.723275163462001913e+01
1.057722874743787145e+02
7.931633276534124377e+01
3.811480415798330768e+01
8.376363374126283645e+01
9.746234522334867734e+01
1.198286659770769802e+01
2.299813896630956478e+01
3.126387449041625999e+01
1.174745835335621962e+02
1.731023296831504155e+01
5.850328267044377384e+01
1.280950234365072227e+01
3.727135013722598700e+01
1.043725465307416300e+01
1.950556637879886779e+01
1.769696920347472258e+01
1.407739402168246734e+01
1.259140498539914432e+02
1.838736562321718893e+01
3.766638971868854213e+01
8.577691586186823258e+01
7.656730933402187134e+01
1.873758077979999825e+01
3.166311338796042563e+01
2.244681668872195957e+01
4.764088599978367711e+01
8.552791740136706267e+01
2.118987518871633569e+01
1.218528964979224298e+02
3.052017954537025091e+01
1.487796005053253801e+01
2.504518193450782704e+01
5.899234602370351865e+01
3.298302358918615340e+01
1.619305174236961520e+01
2.327192324813238500e+01
3.472946162715688700e+01
7.998191391758801672e+01
2.980195329117594483e+01
3.933577733952012068e+01
2.688534856968997033e+01
4.671981908359445157e+01
2.806962555125375403e+01
2.068763841730728359e+01
8.209326540238879488e+01
5.217663998866164121e+01
4.717375357592544560e+01
4.148213868603262711e+01
9.176963819608882034e+01
4.720382299576237273e+01
2.274996018126104858e+01
4.080078948429135011e+01
1.627089910680853180e+01
1.913300295640123849e+01
1.547174257922661234e+01
7.939016964931259679e+01
2.227272942563582703e+01
1.191903729700377568e+01
2.577608408143218455e+01
1.759157716241125868e+01
6.912156432755206481e+01
4.398389510698940086e+01
5.591329745758222458e+01
7.843114809523225972e+01
4.430623968372317734e+01
8.316810831653965863e+01
7.777481506288010848e+01
3.070805500797290577e+01
4.566618138812213346e+01
6.724413866812875540e+01
1.995109524676414381e+01
3.819199537266249678e+01
3.437228129110918928e+01
1.964984041933055181e+01
2.264020690080434761e+01
5.305369937155671067e+01
8.696551615011141223e+01
9.977407245801346747e+00
2.163632246408555204e+01
2.201407455543855818e+01
1.726601802943294572e+01
6.767982228008105494e+01
2.151268588501618950e+01
2.201466879890353923e+01
1.670145331278866863e+01
3.248651258797600860e+01
2.170289000909259158e+01
4.419124878861523342e+01
1.584076152291093997e+01
8.205829636985214393e+01
6.040877489300168435e+00
2.902510459980797108e+01
2.220550473034504080e+01
6.982885514612792122e+01
2.986568735212732761e+01
3.708984048973771053e+01
4.810903428974725671e+01
2.115701749220382055e+01
8.073709196758824191e+01
7.393050422881985639e+01
6.768286982739046209e+01
4.352943731144928563e+01
8.285097164935770309e+01
2.971184378456041841e+01
3.186525747026870548e+01
1.338856869042763442e+01
6.848006328139577192e+01
8.960845818718748745e+00
4.006882067375339318e+01
2.556036289597163957e+01
6.532006416473780064e+01
1.697120829520372354e+01
2.258390090880200773e+01
3.809396872152887426e+01
2.319779442371892486e+01
7.185667727108203451e+01
2.907187479480075254e+01
6.891048143308799467e+01
1.709390239112767773e+01
7.947871736616356486e+01
2.236102074889074842e+01
7.146368113555222124e+01
8.726491497313402590e+01
1.053524615245927087e+01
1.242554194805147105e+01
8.620189326001296592e+01
2.307987843749736001e+01
3.900196096366549625e+01
8.577259114891150205e+01
5.059299686426878395e+01
7.357542383193940339e+01
1.919293635161296763e+01
1.241731129467119530e+02
2.289715980886593982e+01
4.366832617468679700e+01
3.785067368872455518e+01
5.504096123148111275e+01
6.362147528989560641e+01
4.781993133214507807e+00
4.188826392235655760e+01
8.576234900444906373e+01
3.435294090856979210e+01
9.991911513744923923e+01
7.428076769534999357e+01
3.411531522149759610e+01
9.526972473651719042e+01
1.934218967670921430e+01
7.649528261934369766e+01
1.054628498112878674e+02
1.451931882865693701e+01
3.003270097848309561e+01
8.307281371326814678e+01
2.754247696641061793e+01
4.466482250339511495e+01
1.540403934186292467e+01
9.474691234716534893e+01
2.961621686913514040e+01
4.995208766195670336e+01
2.656563524373992990e+01
1.315840927656483359e+02
4.642684745343419195e+01
4.419603246223514503e+01
8.543868953911810138e+01
9.714623455320591461e+01
3.439758877213654387e+01
4.306442502651172788e+01
4.105198994076538099e+01
2.922577679084438884e+01
2.572212616288333464e+01
2.825826578763341246e+01
3.792436766592665975e+01
8.538704506194977739e+01
8.381517072603728025e+01
5.008123065379252381e+01
1.858465890348478666e+01
8.001066784344854455e+01
4.079941427197685044e+01
1.715333545960298167e+01
1.469099160520315372e+01
1.172913664433449199e+01
4.931986101684099566e+01
7.926140807038085256e+01
3.050850822383275940e+01
6.364095745902037748e+01
1.113726167892919250e+01
1.071518225151566561e+01
8.315909576630480160e+01
4.981756366196572117e+01
4.766715081696897727e+01
1.948860066381755729e+01
6.420939916836525185e+01
3.085710505599070430e+01
1.823082440392905568e+01
2.292301354314517070e+01
4.165530022020269740e+01
1.285734089434914473e+01
3.378934849288825859e+01
6.765465973880905892e+01
3.755872409503378861e+01
3.175731664019636824e+01
2.057357500539213291e+01
7.226362101549128170e+01
1.469182716541719742e+02
1.091267427147456601e+02
7.331100224514050012e+01
5.315562754546952817e+01
8.999364166771344742e+01
1.706402871669427768e+01
7.803473863664713406e+00
1.806838408303994470e+01
1.006686797342461404e+02
1.090922370222153717e+02
8.698460618342724615e+01
1.229352754267493282e+02
9.890921074232428722e+00
1.390672828134836720e+02
9.240673016957773100e+00
5.321060025640839797e+01
3.373727872261767402e+01
3.547001339540751985e+01
4.162899358446847486e+01
4.987364900777362209e+01
2.005689343161184368e+01
9.027030561028340117e+00
1.269451511929314158e+01
4.208946526191211746e+01
1.619148719396165603e+01
5.492777535389576826e+01
6.094066527900194785e+01
1.151659720466764725e+01
4.522029009124711507e+01
1.718289616524037200e+01
3.579431597620929040e+01
3.027706425614292485e+01
4.318877466992860548e+01
4.267907421501484322e+01
1.392999046984105682e+01
7.172748803247053218e+01
5.786545107543948774e+01
1.127018196827601137e+01
2.684880781295373353e+01
3.351265080349615033e+01
4.952148936810575464e+01
4.813690438325548371e+01
2.035826459159084578e+01
1.874461896926075610e+01
4.982369270314311649e+01
8.075577521904294542e+01
5.745786539331817977e+01
4.995955410475907854e+01
1.983874836806114317e+01
5.943102164441567226e+01
1.317039312309411692e+01
1.463453980212341889e+02
2.433345851022487594e+01
2.503236265106164282e+01
1.537293686712841101e+01
1.097124620442785670e+01
4.000106500785056340e+01
2.251513448928279004e+01
2.712789110749309529e+01
6.432515972321679953e+01
1.125689377528149748e+01
6.082637456833740686e+01
2.373361101119251160e+01
2.173054818528726884e+01
4.628788768750217031e+01
3.281798893691722441e+01
3.945713820419155837e+01
3.628249630781785129e+01
1.308269064581497787e+02
1.269547127428837818e+01
7.214523837109221915e+01
9.404316001086165500e+00
3.007322653890877362e+01
2.340810839795442888e+01
5.099366952504902173e+01
7.283281117298056984e+01
2.493292657824284575e+01
2.141067120571210936e+01
1.554895495281142530e+02
1.262712138803550488e+01
4.454354328757682424e+01
2.360589420049106835e+01
8.914837485535374029e+00
4.370905093908105954e+01
1.203677168039251022e+01
4.533996035626938692e+01
1.805155955361539100e+01
7.025152750321768735e+01
7.539388909882471523e+01
3.714286390831212969e+01
4.865235317594675735e+01
5.163559169044158637e+01
3.837613237667943622e+01
8.329722044147469262e+01
8.875673386927653041e+01
2.513951186279428285e+01
4.172627278112317128e+01
4.996951793549867205e+01
2.077023315267857839e+01
7.009234771863476965e+01
2.593623586214869903e+01
1.115560256475499123e+01
3.475112232529995993e+01
4.246863015047286183e+01
7.433800021939561020e+01
2.319729137950903564e+01
3.369477285581985626e+01
2.965370751411339612e+01
4.014492744945405889e+01
3.723635230674579333e+01
1.890773244587927593e+01
2.748939551609874599e+01
2.736673744154544963e+01
1.483967652544983764e+02
2.104036367296210486e+01
5.259204286750576074e+01
1.008654043535751583e+02
5.722426956749900739e+01
9.086778542655173396e+01
2.531065693118239679e+01
3.624065173056699507e+01
1.123158408796445400e+02
8.063618117868558954e+01
1.048766026062853918e+01
1.169279214770572040e+01
4.116089684163075191e+01
1.787024089636567226e+01
2.971976587771722578e+01
2.302993433108708032e+01
5.896156029761081641e+01
8.833517484375822448e+01
2.199752508547312146e+01
4.837489597799575591e+01
3.886161830372916626e+01
2.221081957228275172e+01
4.011699726824991075e+01
7.320137974329185226e+01
1.317187268367300668e+01
1.163127939824574213e+02
2.564201770105341183e+01
6.581031923421208774e+01
3.820565419243124694e+01
2.754443363165846748e+01
1.888379922465993488e+01
1.054697900025904111e+01
7.638996210378687124e+01
6.941740816920844281e+01
1.116141128481534821e+02
3.328123455237627581e+01
2.907301237665119586e+01
2.192539911772287908e+01
2.663003056855737682e+01
2.486945586548886666e+01
9.763525533892639885e+01
2.005467476687526229e+01
8.413620955509983901e+01
7.482727031309696031e+01
5.489154177783489530e+01
6.587553865916015639e+01
6.958292098268373138e+01
1.503326291676679993e+01
3.017372363695927717e+01
8.669142116092476158e+01
2.392782141292261500e+01
3.184200716220844285e+01
1.296973765835518861e+02
1.489292254721387287e+01
5.425976295113127179e+01
7.406922874749528773e+01
2.853857112243605343e+01
6.329351264901220731e+01
7.197856282362943148e+01
4.273332825668955337e+01
1.670799087884355671e+01
2.192185971987365534e+01
2.313152770789911017e+01
3.775957423875203034e+01
1.910808061634166677e+01
1.590221033193064848e+01
8.417152257465407672e+01
3.941546860510577943e+01
8.120138058687979310e+01
3.200000251804171825e+01
3.141451545407141666e+01
4.277349080175862639e+01
2.003900723276472817e+01
3.351970293029021519e+01
2.786120708346322061e+01
4.897278588938269905e+01
6.680193440330131693e+01
2.621628361526130746e+01
2.535067750665887942e+01
1.034536433870687056e+01
2.952257735842823081e+02
3.468404159536465272e+02
2.588812440061567486e+02
3.513515741958952958e+02
2.888740962267996224e+02
2.357701411687169752e+02
2.792348964060546450e+02
3.217759686256778195e+02
2.487707290330772310e+02
3.366772764081463265e+02
3.004698200629974849e+02
3.853254547800217438e+02
2.961141832860893714e+02
2.767431721143765913e+02
2.728852452952766043e+02
2.760727794454485888e+02
2.889181317465173606e+02
2.851019026352338983e+02
1.371269644200954190e+02
2.148109540665204804e+02
2.906695592657241605e+02
2.155026651946687366e+02
2.821801223366946942e+02
1.911658256972828838e+02
3.113382961438952634e+02
2.681763789847991575e+02
2.928438577502051885e+02
2.279817080123574158e+02
3.131351354285431512e+02
2.665187066066280295e+02
2.607840639059328396e+02
3.202611198001826551e+02
3.158269659569385794e+02
2.894638152662887478e+02
2.759942757146933445e+02
2.653696645482440317e+02
2.700459449245564656e+02
2.432579392924168644e+02
2.712538657085628415e+02
2.486433256546245048e+02
1.645608842963615643e+02
2.692613549721460231e+02
2.451007569518706646e+02
2.259700909755836165e+02
2.754748963009172371e+02
2.323883955771944727e+02
3.123224775638203710e+02
2.597655392122814533e+02
2.820201117476264585e+02
2.068607817552920380e+02
2.372928689321944375e+02
2.342916066077332005e+02
3.658851676802284487e+02
2.497406131259334359e+02
2.554620976394417937e+02
2.792517095323002536e+02
2.760221739856410750e+02
3.086831574813062957e+02
3.043669498836742378e+02
1.563925753801499638e+02
2.554321234125040121e+02
3.189617732001657942e+02
2.741985390520670194e+02
2.566662083285452809e+02
2.223698367457784286e+02
2.250692915271781658e+02
1.969140667935695888e+02
3.199473129550742669e+02
2.326882794709169389e+02
2.467704599960821952e+02
3.863078860105280228e+02
2.358876596918914004e+02
2.958608978498083957e+02
2.776542266325938044e+02
2.322737415556073586e+02
2.172811221802220700e+02
1.687942357903025652e+02
2.075542249803023935e+02
2.466929991503879478e+02
2.063827583160195047e+02
2.669444759869849122e+02
2.124382896382268484e+02
3.813176889504168798e+02
2.584488778636448387e+02
2.180007605577464176e+02
3.067781643259451698e+02
1.939299317915869949e+02
2.872833666907072256e+02
2.251334375583759027e+02
2.907798893652268362e+02
2.700375670938909707e+02
3.235600364437977987e+02
2.597126153978105094e+02
3.119780449763082402e+02
2.315722924656449777e+02
2.709585840504286693e+02
3.173264213234416502e+02
3.257058613978740595e+02
2.929357804311287623e+02
2.527463322012945639e+02
2.225159526100409551e+02
3.235221425864416460e+02
3.937589934179464422e+02
2.520543719827591360e+02
3.665776565596033265e+02
3.033001633719709957e+02
1.966331867917880345e+02
2.372578304800492788e+02
2.926364310989418414e+02
2.172320812622230619e+02
2.556509282359176893e+02
2.601005046462717019e+02
2.445053332381140478e+02
2.575258221300638297e+02
2.298720086610684916e+02
2.672196734361497192e+02
2.235605017006863022e+02
3.541914001048263003e+02
3.233474203867743881e+02
2.806828014971137577e+02
2.876409797925052203e+02
1.942538668285501728e+02
2.741668173468619898e+02
3.909490652274271270e+02
2.094199122856416295e+02
3.597543784497393631e+02
3.310664686238815193e+02
2.482472978925107157e+02
3.146730308056019112e+02
2.593768830558619811e+02
3.551655428691071847e+02
3.026333998845105384e+02
2.753321516833455576e+02
3.034224589873157356e+02
1.893849357218178682e+02
2.585740086426448556e+02
2.060552889940163652e+02
3.243463345613330944e+02
1.944320450333053429e+02
2.857592437635520923e+02
2.755060253059551201e+02
3.127443324934606608e+02
2.717550776050278500e+02
2.481602707688304292e+02
2.488018069757417550e+02
2.646355139820476552e+02
2.666680106984474037e+02
2.673840376287689082e+02
2.852866597034583265e+02
2.989834478694581321e+02
2.304114638167622218e+02
3.105487602679748989e+02
2.340724406768534038e+02
3.414486200581570188e+02
2.907404811928874437e+02
2.765958950789741948e+02
2.388609818546463828e+02
4.134912759598913112e+02
2.150321209972041174e+02
2.529942124070147145e+02
3.023043039388925877e+02
1.924311217111778944e+02
3.081072481612868614e+02
2.087478291109343616e+02
4.041308176602778417e+02
2.482940217631684732e+02
2.528778257674517533e+02
2.218693596238226178e+02
2.147775545048546633e+02
2.987466005105133604e+02
2.514201300289250867e+02
2.534702096574713721e+02
3.394948630385546835e+02
2.272555188676442128e+02
2.297676466886249216e+02
2.452058027377493943e+02
2.780720857870765599e+02
3.210612208335805349e+02
4.227840753225812023e+02
2.884273854274296127e+02
1.815528902057761798e+02
2.164097893010507789e+02
3.177968746307433321e+02
2.352901833233864011e+02
3.151025117848329842e+02
3.390735203123580277e+02
2.641862050725077893e+02
2.662310304889637678e+02
2.907592005062471117e+02
2.752678363326934914e+02
3.669136665542355900e+02
2.500276204304393843e+02
2.648466930485529929e+02
2.525679958235706692e+02
2.534174084436605483e+02
2.615829555977062455e+02
3.247295466047019090e+02
2.245306994352011145e+02
4.263568612264080002e+02
3.020846632633810600e+02
3.146009065469055486e+02
2.375126461591425482e+02
2.879951280523254695e+02
2.833211705703411099e+02
3.449099266753691495e+02
3.379549662258610283e+02
3.943055660696543328e+02
2.303104800389287163e+02
2.190240438047858618e+02
2.162037502159116968e+02
2.835644390990972852e+02
3.151872712474207106e+02
2.438611002984555114e+02
2.580831860183966455e+02
2.676617963262734179e+02
2.300579285268675278e+02
2.834825706066733346e+02
2.795892200658687443e+02
1.719798552123544937e+02
2.059257414818715972e+02
2.437303701954873816e+02
2.734271985027721144e+02
2.140066310781733137e+02
2.320059368783300613e+02
3.477146513216701464e+02
2.495746243540579883e+02
2.472516792590260195e+02
2.829665946158278302e+02
2.113603683750359608e+02
2.328983966515969541e+02
2.934961558824936674e+02
1.880327029297550041e+02
1.313992687017651804e+02
2.098214298708582248e+02
2.092496824166592830e+02
3.124836650889877205e+02
1.410553323765741141e+02
2.260084888794908409e+02
2.511917566753272979e+02
2.639970534468102414e+02
2.054502076164537527e+02
2.871982400357549068e+02
2.977479861942063053e+02
2.430358156709308730e+02
3.347246118235535732e+02
3.075482818629702706e+02
2.161349022483611009e+02
2.595939722042098765e+02
2.710703256645035140e+02
2.810516171561164924e+02
2.813508005712915860e+02
3.324301657203623677e+02
2.812854084067714666e+02
1.912367638482830614e+02
1.714576034868779288e+02
3.181926988029064205e+02
2.830857217821172753e+02
3.157049767642842539e+02
2.114252817778063616e+02
2.458924147772283106e+02
3.058565357932745883e+02
2.407193713126484909e+02
2.631242563559784458e+02
3.945501758724764159e+02
3.063386847292549646e+02
3.337071094641248123e+02
1.985015743024536903e+02
2.485904189046833324e+02
2.337669441242005348e+02
2.866363467243244827e+02
2.990787219174088705e+02
3.245207977978782878e+02
2.870367155563462234e+02
2.635760158522419943e+02
2.782362621081859970e+02
2.806183605111128827e+02
2.228509860614867932e+02
2.877793479120777533e+02
3.582107387576065207e+02
2.815718569997933969e+02
2.071950048453313116e+02
2.976896914757097647e+02
2.552833600950666835e+02
2.502768228996021378e+02
1.854373595615622605e+02
2.713319585825292393e+02
2.309757648346761698e+02
2.517346855187097105e+02
2.395215898085717470e+02
2.723056666143424991e+02
2.658283843815068508e+02
3.439057106366932999e+02
1.853236388715452563e+02
2.319949134249948202e+02
2.881926175405395156e+02
2.405103016599365162e+02
3.647459770921105360e+02
2.570864957766545444e+02
3.398985950420433255e+02
2.967346317128118471e+02
2.672376956035432158e+02
2.689276357603847600e+02
3.174322180584384796e+02
2.501127333058039710e+02
2.545413868499075249e+02
2.685387131275747947e+02
3.654367730661146538e+02
3.488473635313002887e+02
2.762201909218965739e+02
2.826088042253321646e+02
2.522441559847103179e+02
2.687825833032193827e+02
1.901610937964003369e+02
2.468002954041806731e+02
2.928005419651867669e+02
2.708380180628327025e+02
2.488869456428686533e+02
1.536186765524735165e+02
2.256161224582668012e+02
3.199743062786874361e+02
2.274652212139387473e+02
2.743037841691155450e+02
1.780117414840063930e+02
1.440513487171317877e+02
2.625514214928365391e+02
2.456750068654211248e+02
2.480540283218022068e+02
2.681442738233363343e+02
1.698040918440567566e+02
2.733064088021807265e+02
3.286948831091812053e+02
2.640294026472469682e+02
2.467241472984015047e+02
2.867862276356570987e+02
3.079851433727210406e+02
2.091382866647218464e+02
3.231532001556258820e+02
2.173725631413517760e+02
2.469487047297981803e+02
2.057730567176886325e+02
2.894985700555424728e+02
3.020572266431847197e+02
2.569867587369142825e+02
2.389186030460126915e+02
3.034377071644858006e+02
2.252009238764083818e+02
3.462240265878104992e+02
2.880110338247997674e+02
2.821988953160339975e+02
2.177286785854731477e+02
1.955781562847685109e+02
3.513058570667809022e+02
2.966819940644255666e+02
2.887623914298188197e+02
2.977318094063849685e+02
2.251653642074205095e+02
2.720278078653914804e+02
1.812289630375746583e+02
2.646921120691503120e+02
2.716674559051383540e+02
2.909134267678355172e+02
3.378326741387384118e+02
3.524300349435550856e+02
2.660146160087821841e+02
2.083505538741239036e+02
1.670501724254458509e+02
2.639880452191708287e+02
2.789411178908139277e+02
2.256483276458550336e+02
2.511317533044500578e+02
2.471376256700988563e+02
2.830882421916268754e+02
2.154257927042562812e+02
2.782654035960021588e+02
3.298904217809402439e+02
2.297251040795571555e+02
3.094648643657270668e+02
2.971183828225464936e+02
2.401459848012133591e+02
3.053536061938821149e+02
2.023110767346580303e+02
2.540107955761594951e+02
2.723499810966355312e+02
2.108826904185899593e+02
2.635078767251106910e+02
2.542267153192992453e+02
2.722436645861761235e+02
3.795386102548460485e+02
2.241359283620519136e+02
2.367518383447522012e+02
2.377334602663360954e+02
2.677848086174593050e+02
3.353214645181888613e+02
2.231577715910848951e+02
2.550088495461323248e+02
3.946994841942152448e+02
2.522503708288582800e+02
3.554242308337891245e+02
2.634074166259746903e+02
2.942666457265325448e+02
2.860474584754061880e+02
2.211243697118496812e+02
2.488183555527714930e+02
2.727434447620781270e+02
2.487326639071190471e+02
2.776240725597980372e+02
2.683316113893674242e+02
2.423539302746936244e+02
2.428080199703871642e+02
3.255846738981616113e+02
2.599977441240338862e+02
2.294540901313629035e+02
2.611623761217671245e+02
2.141393748361649614e+02
2.540148357069164433e+02
2.199171508192348199e+02
2.480222942893315405e+02
3.158965228773600415e+02
2.267840923732688054e+02
2.942603285608988131e+02
2.575493579711609300e+02
3.784974329720648143e+02
2.642454249893445422e+02
3.153751452531042219e+02
2.879114434317675659e+02
3.427324013940880150e+02
2.424469729649754299e+02
3.178093066536552556e+02
1.994116000609228649e+02
3.148916336164414815e+02
3.596840320105835076e+02
2.449378725097256222e+02
3.336620657401871313e+02
3.260835441855587646e+02
2.137841224523137953e+02
3.733320783679095030e+02
3.329407833858971344e+02
3.723663592139975549e+02
2.088129913209850486e+02
3.446708105433608011e+02
2.449407084127322207e+02
2.748082225124493903e+02
2.986780599887922563e+02
3.296609529812966457e+02
2.866317254342283150e+02
2.452628767640071601e+02
2.892623384208175139e+02
3.377388285962202872e+02
2.956944167585812124e+02
2.282398685253655231e+02
2.864458231847301022e+02
2.545447255389649683e+02
2.733960496019723223e+02
2.972154117510468154e+02
2.736597540893973814e+02
3.073161202348826464e+02
2.521693005206981297e+02
2.963603523843328844e+02
3.033629068544163374e+02
2.566136357911672690e+02
2.731363805356684793e+02
2.501271862210680865e+02
1.717200226277033437e+02
2.735363463944887599e+02
2.035718737678375305e+02
2.193879263187070876e+02
3.485136485472547179e+02
2.944105578761882498e+02
3.158033109323497456e+02
2.526762022724029748e+02
2.161443501830023877e+02
2.825207122300955689e+02
2.434655469019221812e+02
3.159417830303015080e+02
2.563874430814246352e+02
3.260881733483599874e+02
2.455757097871324106e+02
2.334428753715299933e+02
1.741675511889871188e+02
1.606729619052877638e+02
2.795725993122359796e+02
2.531461918470645003e+02
3.035763981195814267e+02
3.255790166540066934e+02
2.386176570546749360e+02
2.650255410172279085e+02
3.296505960927893284e+02
2.645340072048913953e+02
1.801892689719709324e+02
2.315351210856722730e+02
2.682324434037144556e+02
3.596140128716560866e+02
2.348028750249372649e+02
4.686418002598620092e+02
2.169586658595844426e+02
1.337001065267750732e+02
2.735527350650417020e+02
2.985668851440939306e+02
2.496015906842595484e+02
2.732398210034002091e+02
3.031312502731077529e+02
2.689919411074297386e+02
3.511956711135130149e+02
2.799799375184032328e+02
2.737064850337454800e+02
2.173794187634217394e+02
2.746258545521650944e+02
1.630050746318599693e+02
2.954706066484227449e+02
2.783706251530937266e+02
1.796441286549513165e+02
3.575100123506373961e+02
2.043230327581424319e+02
3.160342052705041738e+02
2.411214141941548235e+02
3.002189070523078840e+02
2.982748491259691264e+02
2.067010439493430454e+02
2.512303301023712834e+02
2.470740377339697886e+02
2.834532831077664241e+02
2.702329893505589098e+02
2.410867602767056610e+02
3.523688172474007843e+02
2.982741412218505275e+02
2.875985302693347876e+02
3.415046491734706819e+02
2.251205505470994410e+02
2.835633230040418766e+02
2.247374881641185880e+02
2.495518238295790923e+02
2.253549927086449713e+02
2.171630147670425117e+02
2.360214125797347720e+02
3.118385810901581863e+02
3.102872195062307128e+02
3.527903029111056981e+02
2.698156617254166463e+02
2.392835529184408472e+02
2.922930439880225890e+02
2.293555812658040338e+02
2.651074097934920246e+02
3.151573928445597517e+02
3.066403515489812435e+02
2.360954506341501258e+02
1.975474580698447085e+02
3.275402595654833249e+02
2.686802814911893620e+02
3.065046606026323275e+02
2.582546629836990064e+02
3.025649994666920293e+02
2.535646999816629830e+02
2.460917155341849707e+02
3.179190399873928072e+02
2.566072091995545179e+02
2.577527750466971384e+02
2.543905462039568022e+02
2.980290657150669631e+02
3.183978919144266229e+02
3.036334662641638715e+02
2.799569747286598158e+02
2.921634783458454763e+02
2.103325865698341204e+02
3.245158770059837252e+02
2.394462959481236339e+02
3.063496632764931178e+02
2.002220936277410601e+02
2.104915642903836215e+02
2.375034430915133896e+02
2.498571824534199379e+02
2.321411938089225089e+02
2.979739669541274338e+02
2.546555152259946055e+02
2.689354325676826534e+02
3.196710677039623079e+02
2.748892226455105288e+02
3.097983790416153056e+02
2.428242921052369354e+02
3.894913668641609092e+02
2.916691489938421000e+02
2.083049835038332560e+02
3.002232013318569557e+02
2.377320857415774924e+02
2.447344852352723592e+02
2.791543916827837961e+02
2.010897238356666890e+02
3.269801058493820847e+02
2.141963881124349598e+02
2.184275310014760692e+02
2.215763402781607283e+02
3.392420783527254002e+02
2.264150686131389421e+02
2.730523072352940517e+02
3.911165886305847152e+02
2.708195425235189759e+02
3.085335383756298029e+02
2.715203322190955646e+02
2.212869389558075284e+02
2.821136553131229903e+02
3.195062729516153013e+02
2.561059110481956509e+02
2.329683787841928506e+02
2.416544615322721086e+02
2.910433768958885707e+02
3.445369676357922231e+02
2.149235762337250435e+02
2.476022946224118755e+02
2.392372156594788635e+02
2.041309460823254653e+02
2.313104914761545672e+02
3.056914557915158071e+02
2.261684336330984877e+02
2.561314500205247668e+02
3.565655860861585893e+02
2.525122373963325515e+02
2.478709780669655345e+02
2.153456970637334109e+02
4.030969932187587119e+02
2.421953364208199275e+02
2.625195155126115765e+02
2.367671355964493785e+02
2.817116764068618409e+02
2.545247348257517217e+02
2.839607819188518647e+02
2.557350461776407258e+02
3.540910827900485174e+02
2.679593147741073835e+02
2.652612529652601552e+02
2.649775970101269422e+02
2.414158749641952681e+02
2.579575760567451539e+02
1.765255227717395314e+02
2.542491188826616337e+02
3.124406318096474138e+02
2.475701342120504194e+02
3.252240958485274405e+02
3.330740645673862446e+02
1.980385604956469479e+02
3.267345877506568854e+02
2.716126004776369314e+02
2.715765673444153094e+02
2.484956755320810657e+02
2.574983740486462693e+02
2.218604352468495620e+02
3.144590936241130521e+02
2.740095162336189674e+02
2.795263824615551016e+02
2.823956498471673058e+02
2.157812854425251032e+02
3.021304447412463219e+02
2.993858953634529030e+02
1.819400875046012800e+02
3.592656587845156650e+02
3.300958414009058970e+02
2.810588940203938364e+02
2.857948377161732196e+02
2.614952851848984210e+02
3.080482731463745267e+02
2.450028886034938012e+02
2.573941267560160782e+02
2.853036160614836376e+02
2.830956498175501110e+02
2.254216793716674943e+02
2.778927365911667948e+02
2.878082299701729880e+02
2.351186106485257028e+02
3.294567304944372950e+02
2.344327515383263005e+02
3.188963288417715489e+02
2.908092125845179794e+02
2.890503096458267009e+02
1.447469686417042851e+02
2.970564327520849019e+02
3.133396381447122394e+02
3.301623319766266604e+02
3.522582984515782414e+02
3.138355468662767294e+02
2.784432049479632383e+02
2.626203477418651460e+02
2.530246918863061580e+02
2.392565586967888009e+02
1.551837508406582060e+02
1.883420446061948894e+02
2.734503471371240835e+02
3.269908898640956068e+02
2.344915216129694784e+02
2.770175335347832970e+02
2.401831924906137203e+02
3.091684103499118237e+02
2.226821150700914416e+02
2.351207093243631618e+02
2.841569272328433726e+02
2.214391865251911895e+02
2.750319161992183581e+02
2.221303375299732465e+02
2.473231118877280608e+02
2.605067676007873274e+02
2.191610166593704605e+02
3.499859575684215542e+02
3.218889347890540193e+02
3.085592683677936066e+02
2.835864458955126679e+02
2.986539224605912182e+02
3.129670752996991041e+02
2.619588286545678670e+02
2.608855017813432937e+02
2.471022390184787412e+02
2.154414827735797076e+02
2.850729437808810758e+02
2.474529721406318856e+02
2.490605790099089631e+02
3.294937811211368057e+02
3.312272945454883484e+02
2.279009461816494024e+02
3.937244250060805939e+02
4.354770098768892126e+02
2.719830059131567168e+02
2.740574872863187466e+02
2.618512244499089547e+02
2.503174109922244668e+02
3.024370244146960545e+02
2.668892758709238819e+02
3.417807307903607352e+02
2.725523999836528333e+02
2.546012712731470344e+02
3.210083154942534520e+02
2.343449702921623441e+02
2.537595978218801349e+02
2.683142703275874510e+02
2.893793616738581704e+02
2.936887924614335361e+02
2.293525970218246073e+02
3.047665432749065531e+02
1.223644707200573407e+02
3.282514779788596684e+02
3.376540505562833232e+02
2.926056029024367717e+02
1.901047535585187234e+02
2.957318185547892426e+02
3.148153884121559258e+02
2.641101864574970932e+02
2.836220202993469002e+02
2.571817253591739814e+02
1.984456137766037784e+02
2.369022932040714977e+02
1.901305347272446511e+02
2.729467976060895467e+02
3.128634386933796918e+02
2.671342851691355804e+02
2.970191569428622529e+02
1.934683291386319297e+02
3.305860750102630163e+02
2.697306607320422813e+02
2.713844490345866802e+02
2.413718841122826007e+02
2.035139441068828035e+02
2.645976808186725862e+02
3.748493714980135110e+02
2.791780723505465858e+02
2.454422039359651535e+02
2.728584869704732228e+02
3.572849328611685564e+02
2.279368263753705435e+02
2.746849479108619789e+02
2.457233974536133871e+02
2.463219661835200611e+02
2.880443268105814241e+02
1.333544014749288351e+02
2.149677530311015516e+02
3.320505460037194894e+02
2.374786818171801031e+02
2.446076721220877346e+02
2.734311087554787605e+02
2.073229059957298546e+02
2.661944172987898014e+02
2.908392935882047823e+02
1.615658789512681039e+02
2.922367110005850463e+02
2.172934433574914976e+02
3.149167343832932602e+02
2.740669798872269780e+02
2.492853553200576187e+02
2.502186775871078623e+02
2.584591272088088658e+02
2.700126798681952778e+02
3.329479358327488399e+02
1.548988667192878381e+02
2.284318258988925265e+02
3.547215171456506368e+02
2.889716094124431720e+02
1.787517596759206526e+02
3.083465170984806036e+02
2.994435194651449592e+02
2.601479578658531864e+02
2.654444245836647269e+02
2.994285040237397197e+02
2.597251052959454682e+02
3.012143599400609446e+02
3.065575510660229384e+02
2.277037864569569479e+02
2.626534663408181700e+02
2.773753920022401189e+02
3.776222918564525344e+02
3.091297460410947906e+02
2.385710831270314145e+02
1.979125045796046436e+02
2.801565810342738132e+02
2.453518000660423013e+02
2.955471875686312728e+02
2.543988347754754216e+02
2.381399255949589815e+02
2.267197371306657203e+02
2.469236260952279736e+02
2.474584890689331758e+02
2.904667684153936307e+02
2.380178915972957157e+02
1.425737925283251286e+02
2.670079761824441107e+02
1.545315429257171616e+02
2.817956647462698925e+02
1.848997702085868298e+02
2.603972852715074850e+02
2.830198657952718690e+02
2.984820049095291097e+02
2.927603622418840246e+02
3.751157504355679180e+02
2.968179470508516147e+02
2.591065055146503937e+02
2.739534060050144717e+02
2.814272075216277926e+02
2.937875668150336992e+02
2.654178924906747170e+02
2.531097447468026473e+02
2.554976487026068241e+02
2.811879361776231008e+02
2.651259886457229982e+02
2.631489528009387300e+02
2.943737323807929442e+02
2.173352408899828276e+02
3.170423999612067405e+02
3.151374963937345228e+02
2.556218096180401460e+02
3.337433999975183951e+02
3.178694431470852351e+02
2.278785924329554859e+02
3.251671694047490746e+02
3.075035283202219034e+02
2.588073417956327376e+02
3.047024157282755255e+02
3.048893751800789005e+02
2.579613844585620654e+02
2.432368885104524168e+02
2.671222498019284330e+02
1.766633097423966205e+02
2.122726021502463709e+02
2.539771902351575079e+02
2.255505709397137366e+02
2.074617097617408206e+02
2.609632134602794054e+02
2.689276093120670339e+02
1.926919039221624246e+02
2.238077373176500373e+02
2.361553887802356542e+02
3.156500022633391609e+02
2.990975860621936704e+02
2.967229838870777598e+02
2.045045135244485266e+02
2.931185425807751130e+02
2.483443950899863069e+02
2.258120576759888820e+02
2.436281259208620043e+02
3.258190362969839384e+02
2.703633683401866961e+02
2.801220207864974441e+02
2.762803198786767780e+02
2.000806583385891315e+02
2.343881580386855319e+02
1.908546372645249392e+02
2.739929208369788967e+02
3.198327135236817753e+02
2.530424931361880283e+02
2.384975667544467797e+02
2.504405427418944612e+02
2.694598580668518935e+02
2.827402221151354524e+02
1.499186633921076179e+02
2.200697444072474980e+02
2.609812091773159182e+02
2.822212086966355855e+02
1.919834282287796441e+02
2.236531124733952822e+02
2.576135050620652578e+02
2.895724451727005544e+02
3.645969904734860734e+02
1.728584447733211107e+02
4.703338115375564712e+02
2.651284268071124757e+02
2.759519697603437294e+02
3.457766156848248897e+02
2.636063730634294302e+02
1.077746188400838747e+02
2.329530976549260117e+02
2.791151712732419696e+02
2.555470205591225010e+02
2.616722984650437525e+02
2.731149045794873018e+02
3.020593200979562880e+02
3.120830890472009287e+02
2.508876737081615715e+02
2.518612484106479599e+02
2.935821458272036466e+02
2.672597112474010146e+02
2.578167424371616789e+02
2.975498601841057393e+02
2.564111297714863440e+02
2.480634209200730140e+02
3.088534839053447740e+02
1.779302165439762291e+02
2.969016157266987079e+02
2.832986580786097761e+02
2.457613703657894462e+02
2.125502523013533676e+02
2.629339116229193678e+02
2.873587109242217821e+02
2.184700216175043295e+02
2.573979854517071999e+02
2.409809543668674507e+02
2.823616689137708136e+02
3.185371876398579616e+02
2.513873429235253809e+02
2.993863898152027332e+02
2.446651942321769013e+02
2.709210584471728112e+02
2.687756598714529446e+02
2.386259343842702094e+02
2.549444659488401328e+02
2.980161901005716913e+02
3.082875354843218929e+02
2.818620363865107947e+02
2.743724762581524033e+02
2.273867930308003622e+02
2.827794481434690397e+02
2.961188543774371169e+02
3.998490429133748307e+02
2.444708044266041327e+02
2.428282612482684044e+02
2.403415964580023001e+02
3.197726111201990875e+02
2.284562520300563051e+02
2.776826665331264508e+02
2.173041448426774025e+02
3.948119508422574881e+02
2.880105925880201880e+02
3.068387281382819651e+02
1.940117426016167315e+02
2.490647887582955775e+02
2.844493591993257269e+02
2.511594674070038593e+02
2.185325355843466753e+02
2.413440182959016340e+02
3.101096730081093256e+02
2.213732292884378410e+02
2.656144378700628863e+02
3.587728178807287236e+02
2.600266740381533737e+02
2.978365794819828807e+02
2.895683040991647772e+02
2.835812344423087552e+02
2.544714643275217725e+02
2.349651066552473253e+02
2.342595600581784936e+02
2.727712503603724485e+02
1.970595118560382275e+02
2.306151798482192987e+02
2.450828229091819424e+02
2.755837208542512826e+02
2.868281150883973396e+02
1.954518069488914875e+02
3.394635043573611028e+02
2.979943735324723662e+02
3.052941134285906628e+02
2.266662778993866141e+02
2.627334295124770733e+02
2.313129697338291919e+02
3.159179515610435942e+02
3.165521816791416541e+02
2.996273728377941552e+02
3.654811144420231130e+02
3.322054823642947099e+02
4.145903849995163455e+02
3.097220551099952672e+02
2.556186208259452712e+02
2.964951473944284999e+02
3.525581750895337905e+02
2.584748801030394247e+02
2.884942795396044062e+02
2.937554146964072856e+02
3.047839394320574229e+02
2.364631106517832961e+02
2.552382926880411844e+02
